#xcodefile #time: 2021 / 11 / 17 / 14 : 59 : 11
checkrc33(0,24.74145,0.0,-59.0,62.626873,0.0,-41.300003,64.06053,0.0,0.0)
checkrc33(1,17.163723,28.279953,-59.0,56.861202,254.92018,-58.111656,71.621925,43.277454,0.0)
checkrc33(2,-1.0814831E-6,24.74145,-59.0,7.4441123E-6,-170.30145,5.9000015,-2.800175E-6,64.06054,0.0)
beziersurfacelinerc33(255.0,0.0,255.0,0.0,0.05)
checkrc33(0,-1.0814831E-6,24.74145,-59.0,-1.590101E-6,36.37727,-54.574997,-2.021254E-6,46.240902,-44.25)
checkrc33(1,0.7961087,26.266808,-59.0,-46.71044,91.824,-61.42666,-5.6179905,46.942093,-44.25)
checkrc33(2,-9.473972,22.872196,-59.0,46.67107,-112.67395,-42.775,-17.741552,42.8319,-44.25)
beziersurfacelinerc33(255.0,0.0,255.0,0.0,0.05)
checkrc33(0,-9.473972,22.872196,-59.0,-13.884912,33.52115,-54.574997,-17.741552,42.8319,-44.25)
checkrc33(1,-16.037075,20.454205,-59.0,-61.876217,70.56958,-63.045437,-29.148056,37.06277,-44.25)
checkrc33(2,-17.520786,17.520786,-59.0,86.30719,-86.30719,-42.775,-32.68106,32.68106,-44.25)
beziersurfacelinerc33(255.0,0.0,255.0,0.0,0.05)
checkrc33(0,-2.021254E-6,46.240902,-44.25,-2.1206051E-6,48.513794,-42.0375,-2.2867748E-6,52.315308,-36.875)
checkrc33(1,-2.7652736,46.644356,-44.25,13.609955,36.71335,-43.176598,-16.381292,77.26978,-36.875)
checkrc33(2,-9.019198,45.342567,-44.25,23.076456,-116.01315,-44.987503,0.0,0.0,-36.875)
beziersurfacelinerc33(255.0,0.0,255.0,0.0,0.05)
checkrc33(0,-9.019201,45.34258,-44.25,-9.481121,47.664814,-41.668747,-9.659548,48.561817,-40.5625)
checkrc33(1,-8.627601,45.675995,-44.25,-37.95738,123.92414,-32.195045,-11.1061,48.341454,-40.5625)
checkrc33(2,-13.433891,44.285595,-44.25,42.315643,-139.49596,-40.19375,-14.376388,47.39259,-40.5625)
beziersurfacelinerc33(255.0,0.0,255.0,0.0,0.05)
checkrc33(0,-13.433891,44.285595,-44.25,-14.216657,46.866028,-41.668747,-14.369932,47.371307,-40.5625)
checkrc33(1,-14.781608,44.01906,-44.25,-69.42592,172.68672,-77.78528,16.661703,-46.56452,40.5625)
checkrc33(2,-17.741552,42.8319,-44.25,55.868057,-134.87744,-40.19375,-18.953474,45.75774,-40.5625)
beziersurfacelinerc33(255.0,0.0,255.0,0.0,0.05)
checkrc33(0,-9.659548,48.561817,-40.5625,-10.056789,50.55889,-37.981247,-10.203993,51.298927,-36.875)
checkrc33(1,-11.109327,48.352097,-40.5625,0.0,0.0,0.0,-11.746698,51.132782,-36.875)
checkrc33(2,-14.369932,47.371307,-40.5625,44.88981,-147.98184,-36.50625,-15.19988,50.107277,-36.875)
beziersurfacelinerc33(255.0,0.0,255.0,0.0,0.05)
checkrc33(0,-14.369932,47.371307,-40.5625,-14.732515,48.56659,-39.456253,-15.1798725,50.04132,-36.875)
checkrc33(1,7.9543524,-25.543118,40.5625,-65.604065,155.48401,-65.09806,-18.635817,49.037216,-36.875)
checkrc33(2,-1.5387725,3.7149258,-40.5625,50.54726,-122.0319,-36.50625,-20.039125,48.378735,-36.875)
beziersurfacelinerc33(255.0,0.0,255.0,0.0,0.05)
checkrc33(0,-2.2867748E-6,52.315308,-36.875,-2.3613961E-6,54.02245,-34.6625,-2.4828373E-6,56.800697,-29.5)
checkrc33(1,-16.381292,77.26978,-36.875,-22.008234,149.71838,-30.356302,-7.835087,56.75184,-29.5)
checkrc33(2,0.0,0.0,-36.875,27.474146,-138.12184,-28.7625,-11.078874,55.697254,-29.5)
beziersurfacelinerc33(255.0,0.0,255.0,0.0,0.05)
checkrc33(0,-10.203993,51.298927,-36.875,-10.536978,52.97296,-34.6625,-11.078874,55.697254,-29.5)
checkrc33(1,-13.316847,50.98123,-36.875,-65.78948,150.02678,-29.703741,-14.475737,55.412987,-29.5)
checkrc33(2,-20.012766,48.315098,-36.875,63.86926,-154.19406,-28.7625,-21.728628,52.457558,-29.5)
beziersurfacelinerc33(255.0,0.0,255.0,0.0,0.05)
checkrc33(0,-17.741552,42.8319,-44.25,-19.17729,46.298084,-40.19375,-18.94496,45.737183,-40.5625)
checkrc33(1,-17.27754,42.88925,-44.25,-59.968117,114.16195,-32.83081,-20.33012,45.26069,-40.5625)
checkrc33(2,-21.79122,40.768517,-44.25,68.68908,-128.50827,-40.19375,-23.348866,43.682667,-40.5625)
beziersurfacelinerc33(255.0,0.0,255.0,0.0,0.05)
checkrc33(0,-21.79122,40.768517,-44.25,-23.10291,43.22252,-41.668747,-23.33838,43.66305,-40.5625)
checkrc33(1,-26.13226,38.300575,-44.25,-74.51581,117.40289,-39.27657,-26.330406,42.038742,-40.5625)
checkrc33(2,-25.67815,38.430073,-44.25,81.0353,-121.277916,-40.19375,-27.513624,41.177055,-40.5625)
beziersurfacelinerc33(255.0,0.0,255.0,0.0,0.05)
checkrc33(0,-18.94496,45.737183,-40.5625,-20.27945,48.95893,-36.50625,-20.012766,48.315098,-36.875)
checkrc33(1,-20.335361,45.270493,-40.5625,0.0,0.0,0.0,-21.503307,47.87417,-36.875)
checkrc33(2,-23.33838,43.66305,-40.5625,72.88197,-136.35262,-36.50625,-24.68631,46.184853,-36.875)
beziersurfacelinerc33(255.0,0.0,255.0,0.0,0.05)
checkrc33(0,-23.33838,43.66305,-40.5625,-24.53099,45.894264,-37.981247,-24.672087,46.15824,-36.875)
checkrc33(1,-26.336582,42.04798,-40.5625,-76.35262,111.68407,-30.766167,-27.840168,44.449642,-36.875)
checkrc33(2,-27.501272,41.15857,-40.5625,85.98169,-128.68071,-36.50625,-29.089615,43.53569,-36.875)
beziersurfacelinerc33(255.0,0.0,255.0,0.0,0.05)
checkrc33(0,-25.67815,38.430073,-44.25,-27.074669,40.520107,-42.0375,-29.051342,43.478413,-36.875)
checkrc33(1,-30.930693,34.824554,-44.25,-70.35401,25.001324,-43.73147,-31.794342,41.987686,-36.875)
checkrc33(2,-32.68106,32.68106,-44.25,107.42381,-107.42381,-36.137497,-37.02295,37.02295,-36.875)
beziersurfacelinerc33(255.0,0.0,255.0,0.0,0.05)
checkrc33(0,-20.012766,48.315098,-36.875,-22.12786,53.421394,-28.7625,-21.72864,52.45758,-29.5)
checkrc33(1,-23.00832,47.406513,-36.875,-91.62322,133.43262,-32.562275,-24.980097,51.483032,-29.5)
checkrc33(2,-29.051342,43.478413,-36.875,92.71385,-138.7561,-28.7625,-31.60126,47.294632,-29.5)
beziersurfacelinerc33(255.0,0.0,255.0,0.0,0.05)
checkrc33(0,-29.051342,43.478413,-36.875,-32.090786,48.027264,-28.7625,-31.542177,47.20621,-29.5)
checkrc33(1,-35.003685,39.41073,-36.875,-113.06612,115.348595,-32.562275,-34.548225,45.626,-29.5)
checkrc33(2,-36.97422,36.97422,-36.875,117.95949,-117.95949,-28.7625,-40.21953,40.21953,-29.5)
beziersurfacelinerc33(255.0,0.0,255.0,0.0,0.05)
checkrc33(0,-17.520786,17.520786,-59.0,-32.3598,32.3598,-50.15,-40.14433,40.14433,-29.5)
checkrc33(1,-26.65667,6.766803,-59.0,-154.42162,10.346349,-57.440243,-52.89712,31.578262,-29.5)
checkrc33(2,-24.741451,-2.1629664E-6,-59.0,147.79895,1.2920994E-5,-26.550003,-56.8007,-4.965675E-6,-29.5)
beziersurfacelinerc33(255.0,0.0,255.0,0.0,0.05)
checkrc33(0,-2.4828373E-6,56.800697,-29.5,-2.6011958E-6,59.508415,-25.075,-2.7232225E-6,62.300068,-14.75)
checkrc33(1,-15.69524,55.999367,-29.5,-3.849965,149.86371,-14.932692,-17.195345,61.33998,-14.75)
checkrc33(2,-21.728628,52.457558,-29.5,69.84686,-168.62526,-13.275002,-23.832369,57.536438,-14.75)
beziersurfacelinerc33(255.0,0.0,255.0,0.0,0.05)
checkrc33(0,-21.72864,52.45758,-29.5,-22.89961,55.28456,-25.075,-23.832369,57.536438,-14.75)
checkrc33(1,-28.5093,50.705772,-29.5,-133.5474,70.48502,-16.95272,-31.19933,55.517235,-14.75)
checkrc33(2,-40.14433,40.14433,-29.5,129.24428,-129.24428,-13.275002,-44.08408,44.08408,-14.75)
beziersurfacelinerc33(255.0,0.0,255.0,0.0,0.05)
checkrc33(0,-2.7232225E-6,62.300068,-14.75,-2.7824276E-6,63.654526,-10.325001,-2.800175E-6,64.06054,0.0)
checkrc33(1,-17.195345,61.33998,-14.75,-88.82762,120.08935,-14.668038,-7.7829704,65.03209,0.0)
checkrc33(2,-23.832369,57.536438,-14.75,73.14623,-176.59064,1.4750004,-24.5786,59.337997,0.0)
beziersurfacelinerc33(255.0,0.0,255.0,0.0,0.05)
checkrc33(0,-23.832369,57.536438,-14.75,-24.580145,59.34172,-6.637501,-24.334726,58.749233,-7.375)
checkrc33(1,-27.393166,56.44171,-14.75,-104.58224,152.33865,-9.170683,-27.924915,57.546707,-7.375)
checkrc33(2,-34.59603,51.776623,-14.75,105.57835,-158.00919,-6.637501,-35.34626,52.89942,-7.375)
beziersurfacelinerc33(255.0,0.0,255.0,0.0,0.05)
checkrc33(0,-34.59603,51.776623,-14.75,-35.646545,53.34883,-6.637501,-35.325283,52.86803,-7.375)
checkrc33(1,-37.882732,50.019173,-14.75,-130.82234,130.26111,-9.170683,-38.619987,50.999397,-7.375)
checkrc33(2,-44.03105,44.03105,-14.75,134.32724,-134.32724,-6.637501,-44.985886,44.985886,-7.375)
beziersurfacelinerc33(255.0,0.0,255.0,0.0,0.05)
checkrc33(0,-24.334726,58.749233,-7.375,-24.57128,59.32032,-5.1625004,-24.5786,59.337997,0.0)
checkrc33(1,-27.935402,57.5624,-7.375,-102.63288,145.70604,-5.789349,-32.6859,55.793545,0.0)
checkrc33(2,-35.325283,52.86803,-7.375,106.589325,-159.52223,0.7375002,-35.661648,53.371437,0.0)
beziersurfacelinerc33(255.0,0.0,255.0,0.0,0.05)
checkrc33(0,-35.325283,52.86803,-7.375,-35.6423,53.34247,-5.1625004,-35.661648,53.371437,0.0)
checkrc33(1,-42.50331,47.8519,-7.375,-125.99933,125.68639,-5.789349,-42.910904,48.308987,0.0)
checkrc33(2,-44.959183,44.959183,-7.375,135.78372,-135.78372,0.7375002,-45.364838,45.364838,0.0)
beziersurfacelinerc33(255.0,0.0,255.0,0.0,0.05)
checkrc33(0,-40.14433,40.14433,-29.5,-42.057983,42.057983,-25.075,-44.03105,44.03105,-14.75)
checkrc33(1,-50.61998,28.456753,-29.5,-105.78896,89.8524,-16.176872,-55.48626,31.197521,-14.75)
checkrc33(2,-52.457565,21.728642,-29.5,168.77208,-69.9077,-13.275002,-57.605686,23.861063,-14.75)
beziersurfacelinerc33(255.0,0.0,255.0,0.0,0.05)
checkrc33(0,-52.457565,21.728642,-29.5,-53.951065,22.34727,-27.287498,-55.473373,22.977829,-22.125)
checkrc33(1,-55.478424,14.494186,-29.5,-167.23141,43.04029,-23.284012,-58.618275,15.317604,-22.125)
checkrc33(2,-55.69725,11.078871,-29.5,174.93524,-34.79678,-21.3875,-58.998863,11.735602,-22.125)
beziersurfacelinerc33(255.0,0.0,255.0,0.0,0.05)
checkrc33(0,-55.69725,11.078871,-29.5,-56.01558,11.14219,-30.2375,-58.899357,11.715809,-22.125)
checkrc33(1,-57.172318,3.38701,-29.5,-174.34436,4.1636124,-22.462782,-60.43724,3.5800028,-22.125)
checkrc33(2,-56.8007,-4.965675E-6,-29.5,177.51506,1.551886E-5,-21.3875,-60.06623,-5.251157E-6,-22.125)
beziersurfacelinerc33(255.0,0.0,255.0,0.0,0.05)
checkrc33(0,-55.473373,22.977829,-22.125,-56.666786,23.47216,-19.912498,-57.536434,23.832376,-14.75)
checkrc33(1,-87.17633,16.180452,-22.125,-161.28091,42.1806,-15.33219,-59.15184,20.504288,-14.75)
checkrc33(2,-3.944389,0.7845877,-22.125,154.91548,-30.814602,-14.012501,-61.1633,12.166136,-14.75)
beziersurfacelinerc33(255.0,0.0,255.0,0.0,0.05)
checkrc33(0,-58.899357,11.715809,-22.125,-59.25493,11.786537,-22.8625,-61.089775,12.151511,-14.75)
checkrc33(1,-60.43724,3.5800028,-22.125,-181.64021,4.2621617,-14.45901,-62.624535,3.7083936,-14.75)
checkrc33(2,-60.06623,-5.251157E-6,-22.125,185.17072,1.6188138E-5,-14.012501,-62.300068,-5.446445E-6,-14.75)
beziersurfacelinerc33(255.0,0.0,255.0,0.0,0.05)
checkrc33(0,-44.03105,44.03105,-14.75,-44.943604,44.943604,-10.325001,-45.364838,45.364838,0.0)
checkrc33(1,-55.52088,31.211864,-14.75,-105.907196,86.28876,1.0260024,-57.23198,32.169445,0.0)
checkrc33(2,-57.536434,23.832376,-14.75,176.53201,-73.12197,1.4750004,-59.220768,24.530052,0.0)
beziersurfacelinerc33(255.0,0.0,255.0,0.0,0.05)
checkrc33(0,-57.536434,23.832376,-14.75,-58.240356,24.123951,-16.225,-59.220768,24.530052,0.0)
checkrc33(1,-63.33033,7.6044693,-14.75,-143.21663,-50.524223,-14.39478,-63.264053,17.721947,0.0)
checkrc33(2,-62.300068,-5.446445E-6,-14.75,191.11597,1.6707889E-5,1.4750004,-64.06054,-5.60035E-6,0.0)
beziersurfacelinerc33(255.0,0.0,255.0,0.0,0.05)
checkrc33(0,-24.741451,-2.1629664E-6,-59.0,-35.890602,-3.1376558E-6,-54.574997,-46.2409,-4.0425075E-6,-44.25)
checkrc33(1,-24.74578,-6.91946,-59.0,-98.76748,-36.335506,-61.11581,-46.9421,-5.617983,-44.25)
checkrc33(2,-22.872196,-9.473973,-59.0,112.81359,46.728912,-42.775,-42.8319,-17.741554,-44.25)
beziersurfacelinerc33(255.0,0.0,255.0,0.0,0.05)
checkrc33(0,-22.872196,-9.473973,-59.0,-33.136818,-13.725719,-54.574997,-42.8319,-17.741554,-44.25)
checkrc33(1,-22.377754,-12.592154,-59.0,-60.46928,-67.45582,-56.887962,-55.986984,-38.011417,-44.25)
checkrc33(2,-17.520788,-17.520784,-59.0,66.53755,66.53754,-48.675003,-2.84295,-2.8429496,-44.25)
beziersurfacelinerc33(255.0,0.0,255.0,0.0,0.05)
checkrc33(0,-46.2409,-4.0425075E-6,-44.25,-48.513794,-4.2412107E-6,-42.0375,-52.31531,-4.5735496E-6,-36.875)
checkrc33(1,-46.665855,-6.4334683,-44.25,-11.999911,-11.122468,-44.157482,-52.212654,-7.209545,-36.875)
checkrc33(2,-45.34258,-9.0191965,-44.25,148.95273,29.628529,-36.137497,-51.29893,-10.203988,-36.875)
beziersurfacelinerc33(255.0,0.0,255.0,0.0,0.05)
checkrc33(0,-45.34258,-9.0191965,-44.25,-45.17927,-8.986713,-44.61875,-48.561817,-9.659542,-40.5625)
checkrc33(1,-45.675995,-8.6276,-44.25,-124.99178,-38.169357,-30.92349,-48.341446,-11.106095,-40.5625)
checkrc33(2,-44.2856,-13.433887,-44.25,139.48734,42.31301,-40.19375,-47.392593,-14.376383,-40.5625)
beziersurfacelinerc33(255.0,0.0,255.0,0.0,0.05)
checkrc33(0,-44.2856,-13.433887,-44.25,-46.866035,-14.216654,-41.668747,-47.37131,-14.369926,-40.5625)
checkrc33(1,-43.1486,-18.348883,-44.25,-128.91188,-51.42724,-39.27657,-46.359997,-17.619965,-40.5625)
checkrc33(2,-42.8319,-17.741554,-44.25,134.71255,55.799767,-40.19375,-45.75774,-18.953476,-40.5625)
beziersurfacelinerc33(255.0,0.0,255.0,0.0,0.05)
checkrc33(0,-48.561817,-9.659542,-40.5625,-52.032883,-10.349979,-36.50625,-51.29893,-10.203988,-36.875)
checkrc33(1,-48.352085,-11.1093235,-40.5625,0.0,0.0,0.0,-51.132774,-11.746698,-36.875)
checkrc33(2,-47.37131,-14.369926,-40.5625,147.86314,44.853783,-36.50625,-50.107285,-15.199875,-36.875)
beziersurfacelinerc33(255.0,0.0,255.0,0.0,0.05)
checkrc33(0,-47.37131,-14.369926,-40.5625,-48.56659,-14.732511,-39.456253,-50.04132,-15.179865,-36.875)
checkrc33(1,-46.370277,-17.624222,-40.5625,-124.36586,-54.528717,-30.130388,-49.037216,-18.635822,-36.875)
checkrc33(2,-45.737183,-18.944962,-40.5625,142.76236,59.1341,-36.50625,-48.378735,-20.039127,-36.875)
beziersurfacelinerc33(255.0,0.0,255.0,0.0,0.05)
checkrc33(0,-52.31531,-4.5735496E-6,-36.875,-54.022446,-4.7227923E-6,-34.6625,-56.8007,-4.965675E-6,-29.5)
checkrc33(1,-52.212654,-7.209545,-36.875,-161.79456,-26.457329,-30.356302,-56.751846,-7.835081,-29.5)
checkrc33(2,-51.29893,-10.203988,-36.875,163.41861,32.50597,-28.7625,-55.697254,-11.078868,-29.5)
beziersurfacelinerc33(255.0,0.0,255.0,0.0,0.05)
checkrc33(0,-51.29893,-10.203988,-36.875,-56.775124,-11.29327,-28.7625,-55.697254,-11.078868,-29.5)
checkrc33(1,-50.98124,-13.316843,-36.875,-148.04863,-65.36673,-32.562275,-55.41298,-14.475725,-29.5)
checkrc33(2,-48.315098,-20.012768,-36.875,153.91331,63.75298,-28.7625,-52.45758,-21.72864,-29.5)
beziersurfacelinerc33(255.0,0.0,255.0,0.0,0.05)
checkrc33(0,-42.8319,-17.741554,-44.25,-46.298084,-19.177292,-40.19375,-45.737183,-18.944962,-40.5625)
checkrc33(1,-42.75045,-19.211994,-44.25,-114.2325,-59.14005,-32.83081,-45.2705,-20.335346,-40.5625)
checkrc33(2,-40.768513,-21.791227,-44.25,128.53314,68.70241,-40.19375,-43.663044,-23.338387,-40.5625)
beziersurfacelinerc33(255.0,0.0,255.0,0.0,0.05)
checkrc33(0,-40.768513,-21.791227,-44.25,-41.922085,-22.407825,-43.143753,-43.663044,-23.338387,-40.5625)
checkrc33(1,-38.300575,-26.132263,-44.25,-117.96887,-74.81147,-38.57641,-42.038746,-26.330412,-40.5625)
checkrc33(2,-38.43007,-25.678156,-44.25,121.16984,80.963104,-40.19375,-41.17705,-27.51363,-40.5625)
beziersurfacelinerc33(255.0,0.0,255.0,0.0,0.05)
checkrc33(0,-45.737183,-18.944962,-40.5625,-48.95893,-20.279451,-36.50625,-48.315098,-20.012768,-36.875)
checkrc33(1,-45.2705,-20.335346,-40.5625,0.0,0.0,0.0,-47.87419,-21.5033,-36.875)
checkrc33(2,-43.663044,-23.338387,-40.5625,136.2883,72.847626,-36.50625,-46.18484,-24.686316,-36.875)
beziersurfacelinerc33(255.0,0.0,255.0,0.0,0.05)
checkrc33(0,-43.663044,-23.338387,-40.5625,-45.894264,-24.530998,-37.981247,-46.158234,-24.672094,-36.875)
checkrc33(1,-42.04799,-26.336586,-40.5625,-111.59362,-76.29217,-30.766167,-44.44964,-27.840178,-36.875)
checkrc33(2,-41.158566,-27.50128,-40.5625,128.47084,85.841484,-36.50625,-43.535686,-29.08962,-36.875)
beziersurfacelinerc33(255.0,0.0,255.0,0.0,0.05)
checkrc33(0,-38.43007,-25.678156,-44.25,-40.520107,-27.074673,-42.0375,-43.478416,-29.051352,-36.875)
checkrc33(1,-51.957325,-42.967796,-44.25,-22.283154,-66.83939,-42.549583,-42.012054,-31.818707,-36.875)
checkrc33(2,-2.84295,-2.8429496,-44.25,92.4804,92.48039,-36.137497,-36.974224,-36.974216,-36.875)
beziersurfacelinerc33(255.0,0.0,255.0,0.0,0.05)
checkrc33(0,-48.315098,-20.012768,-36.875,-53.421394,-22.127861,-28.7625,-52.45758,-21.72864,-29.5)
checkrc33(1,-47.40651,-23.008335,-36.875,-133.3326,-91.55639,-32.562275,-51.483025,-24.98011,-29.5)
checkrc33(2,-43.478416,-29.051352,-36.875,138.54968,92.57595,-28.7625,-47.29463,-31.601265,-29.5)
beziersurfacelinerc33(255.0,0.0,255.0,0.0,0.05)
checkrc33(0,-43.478416,-29.051352,-36.875,-48.027252,-32.09079,-28.7625,-47.206203,-31.542181,-29.5)
checkrc33(1,-42.012054,-31.818707,-36.875,-114.07006,-114.59099,-32.562275,-45.66362,-34.585823,-29.5)
checkrc33(2,-36.974224,-36.974216,-36.875,117.92191,117.92189,-28.7625,-40.144337,-40.14433,-29.5)
beziersurfacelinerc33(255.0,0.0,255.0,0.0,0.05)
checkrc33(0,-17.520788,-17.520784,-59.0,-32.25293,-32.252922,-50.15,-40.144337,-40.14433,-29.5)
checkrc33(1,-13.905543,-23.353268,-59.0,22.587921,-149.02066,-57.57265,-31.57295,-52.886703,-29.5)
checkrc33(2,2.9503886E-7,-24.741451,-59.0,-1.7578051E-6,147.40651,-26.550003,6.773415E-7,-56.800697,-29.5)
beziersurfacelinerc33(255.0,0.0,255.0,0.0,0.05)
checkrc33(0,-56.8007,-4.965675E-6,-29.5,-59.508415,-5.202391E-6,-25.075,-62.300068,-5.446445E-6,-14.75)
checkrc33(1,-55.99935,-15.695225,-29.5,-149.94717,-3.8834407,-14.933609,-61.33998,-17.195332,-14.75)
checkrc33(2,-52.45758,-21.72864,-29.5,168.85187,69.940735,-13.275002,-57.536438,-23.83237,-14.75)
beziersurfacelinerc33(255.0,0.0,255.0,0.0,0.05)
checkrc33(0,-52.45758,-21.72864,-29.5,-55.28456,-22.899612,-25.075,-57.536438,-23.83237,-14.75)
checkrc33(1,-50.70575,-28.509308,-29.5,-70.48497,-133.54733,-16.95272,-55.51722,-31.199348,-14.75)
checkrc33(2,-40.144337,-40.14433,-29.5,129.24428,129.24426,-13.275002,-44.08408,-44.084072,-14.75)
beziersurfacelinerc33(255.0,0.0,255.0,0.0,0.05)
checkrc33(0,-62.300068,-5.446445E-6,-14.75,-63.654526,-5.564855E-6,-10.325001,-64.06054,-5.60035E-6,0.0)
checkrc33(1,-61.33998,-17.195332,-14.75,-142.47527,-6.088485,-0.071055464,-62.92362,-17.645294,0.0)
checkrc33(2,-57.536438,-23.83237,-14.75,176.85251,73.2547,1.4750004,-59.162323,-24.505835,0.0)
beziersurfacelinerc33(255.0,0.0,255.0,0.0,0.05)
checkrc33(0,-57.536438,-23.83237,-14.75,-59.34172,-24.580147,-6.637501,-58.749233,-24.334728,-7.375)
checkrc33(1,-56.441708,-27.39318,-14.75,-152.25781,-104.52822,-9.170683,-57.5467,-27.92493,-7.375)
checkrc33(2,-51.77662,-34.596035,-14.75,157.84232,105.46687,-6.637501,-52.899414,-35.346264,-7.375)
beziersurfacelinerc33(255.0,0.0,255.0,0.0,0.05)
checkrc33(0,-51.77662,-34.596035,-14.75,-53.348827,-35.646553,-6.637501,-52.868027,-35.32529,-7.375)
checkrc33(1,-50.01918,-37.882717,-14.75,-130.25465,-130.81589,-9.170683,-51.012745,-38.63333,-7.375)
checkrc33(2,-44.031055,-44.031048,-14.75,134.3139,134.31387,-6.637501,-44.95919,-44.959183,-7.375)
beziersurfacelinerc33(255.0,0.0,255.0,0.0,0.05)
checkrc33(0,-58.749233,-24.334728,-7.375,-59.408142,-24.607658,-5.1625004,-59.162323,-24.505835,0.0)
checkrc33(1,-57.562393,-27.935417,-7.375,-145.88858,-102.74579,-5.789349,-55.55992,-32.549397,0.0)
checkrc33(2,-52.868027,-35.32529,-7.375,159.61707,106.652725,0.7375002,-53.239773,-35.573685,0.0)
beziersurfacelinerc33(255.0,0.0,255.0,0.0,0.05)
checkrc33(0,-52.868027,-35.32529,-7.375,-53.408295,-35.686295,-5.1625004,-53.239773,-35.573685,0.0)
checkrc33(1,-51.012745,-38.63333,-7.375,-122.87325,-129.70772,-5.789349,-51.266838,-38.813034,0.0)
checkrc33(2,-44.95919,-44.959183,-7.375,135.82603,135.82602,0.7375002,-45.36484,-45.364834,0.0)
beziersurfacelinerc33(255.0,0.0,255.0,0.0,0.05)
checkrc33(0,-40.144337,-40.14433,-29.5,-42.224323,-42.224316,-25.075,-44.031055,-44.031048,-14.75)
checkrc33(1,-35.82602,-45.578587,-29.5,-16.917746,-148.02782,-15.725507,-39.292038,-49.985176,-14.75)
checkrc33(2,-21.750114,-52.509396,-29.5,69.98009,168.94681,-13.275002,-23.861067,-57.605686,-14.75)
beziersurfacelinerc33(255.0,0.0,255.0,0.0,0.05)
checkrc33(0,-21.750114,-52.509396,-29.5,-22.806953,-55.060825,-24.337502,-23.000536,-55.52818,-22.125)
checkrc33(1,-14.462259,-55.373306,-29.5,-42.76471,-166.39635,-24.713274,-15.28071,-58.50029,-22.125)
checkrc33(2,-11.084346,-55.72475,-29.5,34.64367,174.16542,-21.3875,-11.735606,-58.998856,-22.125)
beziersurfacelinerc33(255.0,0.0,255.0,0.0,0.05)
checkrc33(0,-11.084346,-55.72475,-29.5,-11.136566,-55.987278,-30.2375,-11.721603,-58.928455,-22.125)
checkrc33(1,-3.3842783,-57.15856,-29.5,-4.1663594,-174.34708,-22.462782,-3.5771117,-60.422688,-22.125)
checkrc33(2,6.773415E-7,-56.800697,-29.5,-2.116574E-6,177.49226,-21.3875,7.162826E-7,-60.066227,-22.125)
beziersurfacelinerc33(255.0,0.0,255.0,0.0,0.05)
checkrc33(0,-23.000536,-55.52818,-22.125,-23.74627,-57.32854,-16.962502,-23.855927,-57.593273,-14.75)
checkrc33(1,-15.287712,-58.535492,-22.125,-44.65255,-173.69725,-16.761452,-15.835501,-60.63243,-14.75)
checkrc33(2,-11.721603,-58.928455,-22.125,36.120926,181.5921,-14.012501,-12.166141,-61.1633,-14.75)
beziersurfacelinerc33(255.0,0.0,255.0,0.0,0.05)
checkrc33(0,-11.721603,-58.928455,-22.125,-11.780647,-59.22529,-22.8625,-12.157517,-61.11995,-14.75)
checkrc33(1,-3.5771117,-60.422688,-22.125,-4.26504,-181.60852,-14.45901,-3.7053967,-62.609444,-14.75)
checkrc33(2,7.162826E-7,-60.066227,-22.125,-2.2070117E-6,185.0762,-14.012501,7.4292086E-7,-62.300068,-14.75)
beziersurfacelinerc33(255.0,0.0,255.0,0.0,0.05)
checkrc33(0,-44.031055,-44.031048,-14.75,-45.120823,-45.120815,-10.325001,-45.36484,-45.364834,0.0)
checkrc33(1,-39.29461,-49.991383,-14.75,-48.25458,-146.31665,-16.366966,-32.169456,-57.23198,0.0)
checkrc33(2,-23.855927,-57.593273,-14.75,73.182526,176.67816,1.4750004,-24.530058,-59.220768,0.0)
beziersurfacelinerc33(255.0,0.0,255.0,0.0,0.05)
checkrc33(0,-23.855927,-57.593273,-14.75,-23.954666,-57.831657,-15.487499,-24.334738,-58.749226,-7.375)
checkrc33(1,-15.839813,-60.654106,-14.75,-43.74484,-179.6179,-4.8828926,-20.940275,-60.417683,-7.375)
checkrc33(2,-12.157517,-61.11995,-14.75,37.103798,186.53333,-6.637501,-12.415037,-62.414585,-7.375)
beziersurfacelinerc33(255.0,0.0,255.0,0.0,0.05)
checkrc33(0,-12.157517,-61.11995,-14.75,-12.531866,-63.001923,-6.637501,-12.413792,-62.408325,-7.375)
checkrc33(1,-3.7053967,-62.609444,-14.75,-4.1572647,-185.36116,-9.696778,-3.7774167,-63.851906,-7.375)
checkrc33(2,7.4292086E-7,-62.300068,-14.75,-2.2632407E-6,189.79147,-6.637501,7.5858037E-7,-63.613247,-7.375)
beziersurfacelinerc33(255.0,0.0,255.0,0.0,0.05)
checkrc33(0,-24.334738,-58.749226,-7.375,-24.444712,-59.01473,-8.1125,-24.530058,-59.220768,0.0)
checkrc33(1,-16.164707,-61.88714,-7.375,-42.199093,-172.69807,-4.423608,-11.471415,-63.870773,0.0)
checkrc33(2,-12.413792,-62.408325,-7.375,37.490295,188.47638,0.7375002,-12.50107,-62.8471,0.0)
beziersurfacelinerc33(255.0,0.0,255.0,0.0,0.05)
checkrc33(0,-12.413792,-62.408325,-7.375,-12.575433,-63.22095,0.7375002,-12.50107,-62.8471,0.0)
checkrc33(1,-3.7774167,-63.851906,-7.375,2.6550398,-182.2515,-8.736548,-8.857397,-64.19242,0.0)
checkrc33(2,7.5858037E-7,-63.613247,-7.375,-2.2879703E-6,191.86526,0.7375002,7.639143E-7,-64.06054,0.0)
beziersurfacelinerc33(255.0,0.0,255.0,0.0,0.05)
checkrc33(0,2.9503886E-7,-24.741451,-59.0,4.279912E-7,-35.89061,-54.574997,5.514172E-7,-46.2409,-44.25)
checkrc33(1,6.9241333,-24.757053,-59.0,36.29557,-98.698265,-61.116066,5.617998,-46.9421,-44.25)
checkrc33(2,9.464642,-22.849653,-59.0,-46.666435,112.662674,-42.775,17.741562,-42.831898,-44.25)
beziersurfacelinerc33(255.0,0.0,255.0,0.0,0.05)
checkrc33(0,9.464642,-22.849653,-59.0,13.703432,-33.082993,-54.574997,17.741562,-42.831898,-44.25)
checkrc33(1,12.614089,-22.406311,-59.0,77.13721,-70.43521,-59.801476,23.107742,-41.113503,-44.25)
checkrc33(2,17.486223,-17.486229,-59.0,-86.30829,86.30831,-42.775,32.745667,-32.745674,-44.25)
beziersurfacelinerc33(255.0,0.0,255.0,0.0,0.05)
checkrc33(0,5.514172E-7,-46.2409,-44.25,5.785212E-7,-48.513798,-42.0375,6.238538E-7,-52.315308,-36.875)
checkrc33(1,6.4334803,-46.665855,-44.25,11.139774,-12.028048,-44.176117,7.209559,-52.212658,-36.875)
checkrc33(2,9.019204,-45.34258,-44.25,-29.60017,148.81003,-36.137497,10.203997,-51.298927,-36.875)
beziersurfacelinerc33(255.0,0.0,255.0,0.0,0.05)
checkrc33(0,9.019204,-45.34258,-44.25,8.986721,-45.17927,-44.61875,9.659552,-48.561817,-40.5625)
checkrc33(1,8.62759,-45.675995,-44.25,38.17047,-124.99549,-30.92349,11.10611,-48.341454,-40.5625)
checkrc33(2,13.433884,-44.2856,-44.25,-42.315617,139.49596,-40.19375,14.376379,-47.392593,-40.5625)
beziersurfacelinerc33(255.0,0.0,255.0,0.0,0.05)
checkrc33(0,13.433884,-44.2856,-44.25,14.216652,-46.866035,-41.668747,14.369924,-47.37131,-40.5625)
checkrc33(1,18.348866,-43.14859,-44.25,52.328255,-128.67746,-39.27657,15.79015,-47.018764,-40.5625)
checkrc33(2,17.741562,-42.831898,-44.25,-55.868088,134.87743,-40.19375,18.953485,-45.75774,-40.5625)
beziersurfacelinerc33(255.0,0.0,255.0,0.0,0.05)
checkrc33(0,9.659552,-48.561817,-40.5625,10.349987,-52.032875,-36.50625,10.203997,-51.298927,-36.875)
checkrc33(1,11.109337,-48.352093,-40.5625,0.0,0.0,0.0,11.746712,-51.13279,-36.875)
checkrc33(2,14.369924,-47.37131,-40.5625,-44.889782,147.98184,-36.50625,15.199874,-50.107292,-36.875)
beziersurfacelinerc33(255.0,0.0,255.0,0.0,0.05)
checkrc33(0,14.369924,-47.37131,-40.5625,14.732508,-48.566586,-39.456253,15.179863,-50.041325,-36.875)
checkrc33(1,15.794409,-47.029045,-40.5625,56.20144,-123.902664,-30.130388,16.701199,-49.733727,-36.875)
checkrc33(2,18.94497,-45.737175,-40.5625,-59.25039,143.043,-36.50625,20.039137,-48.37873,-36.875)
beziersurfacelinerc33(255.0,0.0,255.0,0.0,0.05)
checkrc33(0,6.238538E-7,-52.315308,-36.875,6.442113E-7,-54.02245,-34.6625,6.773415E-7,-56.800697,-29.5)
checkrc33(1,7.209559,-52.212658,-36.875,26.491625,-161.96696,-30.356302,7.8350945,-56.751842,-29.5)
checkrc33(2,10.203997,-51.298927,-36.875,-32.576157,163.7713,-28.7625,11.078877,-55.69725,-29.5)
beziersurfacelinerc33(255.0,0.0,255.0,0.0,0.05)
checkrc33(0,10.203997,-51.298927,-36.875,11.29328,-56.775127,-28.7625,11.078877,-55.69725,-29.5)
checkrc33(1,13.316853,-50.981247,-36.875,65.423065,-148.18466,-32.562275,14.475735,-55.41298,-29.5)
checkrc33(2,20.012777,-48.31509,-36.875,-63.8693,154.19406,-28.7625,21.728651,-52.457577,-29.5)
beziersurfacelinerc33(255.0,0.0,255.0,0.0,0.05)
checkrc33(0,17.741562,-42.831898,-44.25,19.467838,-46.99949,-39.824997,21.728651,-52.457577,-29.5)
checkrc33(1,23.107742,-41.113503,-44.25,113.04129,-68.34536,-47.75523,28.471672,-50.668167,-29.5)
checkrc33(2,32.745667,-32.745674,-44.25,-114.455605,114.45563,-28.025002,40.21953,-40.219536,-29.5)
beziersurfacelinerc33(255.0,0.0,255.0,0.0,0.05)
checkrc33(0,17.486223,-17.486229,-59.0,25.621346,-25.621353,-54.574997,32.745667,-32.745674,-44.25)
checkrc33(1,17.789576,-18.948318,-59.0,82.629425,-35.12631,-64.71076,41.31194,-23.22098,-44.25)
checkrc33(2,22.872225,-9.473985,-59.0,-112.63167,46.653557,-42.775,42.747337,-17.706524,-44.25)
beziersurfacelinerc33(255.0,0.0,255.0,0.0,0.05)
checkrc33(0,22.872225,-9.473985,-59.0,33.489986,-13.872004,-54.574997,42.747337,-17.706524,-44.25)
checkrc33(1,38.26844,0.8251667,-59.0,85.18286,-27.536818,-55.79682,70.76045,1.6021624,-44.25)
checkrc33(2,0.0,0.0,-59.0,-86.43062,-1.5112009E-5,-42.775,0.0,0.0,-44.25)
beziersurfacelinerc33(255.0,0.0,255.0,0.0,0.05)
checkrc33(0,32.745667,-32.745674,-44.25,36.093323,-36.093327,-39.0875,36.974216,-36.974228,-36.875)
checkrc33(1,37.156998,-28.138952,-44.25,9.663574,-1.2232883,-42.522243,44.794167,-28.758213,-36.875)
checkrc33(2,38.48703,-25.716213,-44.25,-126.15242,84.292366,-36.137497,43.47841,-29.051348,-36.875)
beziersurfacelinerc33(255.0,0.0,255.0,0.0,0.05)
checkrc33(0,38.48703,-25.716213,-44.25,40.411102,-27.001839,-42.0375,43.47841,-29.051348,-36.875)
checkrc33(1,40.61468,-23.780666,-44.25,8.347837,3.1678154,-34.248455,49.52049,-19.455894,-36.875)
checkrc33(2,42.747337,-17.706524,-44.25,-140.17545,58.062565,-36.137497,48.3151,-20.012768,-36.875)
beziersurfacelinerc33(255.0,0.0,255.0,0.0,0.05)
checkrc33(0,36.974216,-36.974228,-36.875,39.6047,-39.604706,-31.712502,40.144325,-40.144337,-29.5)
checkrc33(1,44.794167,-28.758213,-36.875,128.73923,-97.74531,-31.13301,48.514328,-31.136414,-29.5)
checkrc33(2,43.47841,-29.051348,-36.875,-138.48164,92.53049,-28.7625,47.20622,-31.54219,-29.5)
beziersurfacelinerc33(255.0,0.0,255.0,0.0,0.05)
checkrc33(0,43.47841,-29.051348,-36.875,46.48301,-31.058964,-31.712502,47.20622,-31.54219,-29.5)
checkrc33(1,49.52049,-19.455894,-36.875,147.7018,-66.55707,-31.13301,47.266663,-32.87181,-29.5)
checkrc33(2,48.3151,-20.012768,-36.875,-153.91275,63.75274,-28.7625,52.5094,-21.750103,-29.5)
beziersurfacelinerc33(255.0,0.0,255.0,0.0,0.05)
checkrc33(0,42.747337,-17.706524,-44.25,44.886543,-18.592613,-42.0375,48.3151,-20.012768,-36.875)
checkrc33(1,42.7314,-18.678398,-44.25,72.18206,4.639642,-51.36921,50.127922,-17.364042,-36.875)
checkrc33(2,45.669315,-9.0841875,-44.25,-149.48944,29.735285,-36.137497,51.32424,-10.209022,-36.875)
beziersurfacelinerc33(255.0,0.0,255.0,0.0,0.05)
checkrc33(0,45.669315,-9.0841875,-44.25,52.71682,-10.486023,-36.137497,51.32424,-10.209022,-36.875)
checkrc33(1,69.533035,0.912972,-44.25,41.314545,-25.109999,-30.084684,78.76195,1.0016947,-36.875)
checkrc33(2,0.0,0.0,-44.25,-102.48024,-1.7918213E-5,-36.137497,0.0,0.0,-36.875)
beziersurfacelinerc33(255.0,0.0,255.0,0.0,0.05)
checkrc33(0,48.3151,-20.012768,-36.875,51.577724,-21.36419,-31.712502,52.5094,-21.750103,-29.5)
checkrc33(1,50.127922,-17.364042,-36.875,157.74596,-36.278538,-31.13301,54.25808,-18.795994,-29.5)
checkrc33(2,51.32424,-10.209022,-36.875,-163.41692,32.50563,-28.7625,55.72475,-11.084337,-29.5)
beziersurfacelinerc33(255.0,0.0,255.0,0.0,0.05)
checkrc33(0,51.32424,-10.209022,-36.875,57.15975,-11.369776,-28.7625,55.72475,-11.084337,-29.5)
checkrc33(1,78.76195,1.0016947,-36.875,133.77153,-14.570354,-32.562275,85.740585,1.0787144,-29.5)
checkrc33(2,0.0,0.0,-36.875,-112.06959,-1.9594869E-5,-28.7625,0.0,0.0,-29.5)
beziersurfacelinerc33(255.0,0.0,255.0,0.0,0.05)
checkrc33(0,6.773415E-7,-56.800697,-29.5,7.0963074E-7,-59.508415,-25.075,7.4292086E-7,-62.300068,-14.75)
checkrc33(1,15.695237,-55.99936,-29.5,3.849966,-149.86371,-14.932685,17.195347,-61.339973,-14.75)
checkrc33(2,21.728651,-52.457577,-29.5,-69.84691,168.62526,-13.275002,23.832382,-57.53643,-14.75)
beziersurfacelinerc33(255.0,0.0,255.0,0.0,0.05)
checkrc33(0,21.728651,-52.457577,-29.5,22.89962,-55.284546,-25.075,23.832382,-57.53643,-14.75)
checkrc33(1,28.509274,-50.705765,-29.5,133.48155,-70.42137,-16.9511,31.225815,-55.543747,-14.75)
checkrc33(2,40.144325,-40.144337,-29.5,-129.0443,129.04433,-13.275002,44.031048,-44.03106,-14.75)
beziersurfacelinerc33(255.0,0.0,255.0,0.0,0.05)
checkrc33(0,7.4292086E-7,-62.300068,-14.75,7.590727E-7,-63.654526,-10.325001,7.639143E-7,-64.06054,0.0)
checkrc33(1,17.195347,-61.339973,-14.75,88.827515,-120.089455,-14.667975,7.78298,-65.0321,0.0)
checkrc33(2,23.832382,-57.53643,-14.75,-73.14626,176.5906,1.4750004,24.578613,-59.337994,0.0)
beziersurfacelinerc33(255.0,0.0,255.0,0.0,0.05)
checkrc33(0,23.832382,-57.53643,-14.75,24.580158,-59.34172,-6.637501,24.33474,-58.74923,-7.375)
checkrc33(1,27.393143,-56.441723,-14.75,104.58224,-152.33864,-9.170683,27.924896,-57.546722,-7.375)
checkrc33(2,34.596024,-51.776627,-14.75,-105.57832,158.00919,-6.637501,35.346252,-52.899426,-7.375)
beziersurfacelinerc33(255.0,0.0,255.0,0.0,0.05)
checkrc33(0,34.596024,-51.776627,-14.75,35.646534,-53.34883,-6.637501,35.32528,-52.86804,-7.375)
checkrc33(1,37.882713,-50.019184,-14.75,128.85506,-131.70021,-9.170683,42.503296,-47.851906,-7.375)
checkrc33(2,44.031048,-44.03106,-14.75,-134.13664,134.13669,-6.637501,44.959175,-44.959187,-7.375)
beziersurfacelinerc33(255.0,0.0,255.0,0.0,0.05)
checkrc33(0,24.33474,-58.74923,-7.375,24.57129,-59.320305,-5.1625004,24.578613,-59.337994,0.0)
checkrc33(1,27.935383,-57.562416,-7.375,102.63289,-145.70604,-5.789349,32.68589,-55.79356,0.0)
checkrc33(2,35.32528,-52.86804,-7.375,-106.58931,159.52225,0.7375002,35.66164,-53.37144,0.0)
beziersurfacelinerc33(255.0,0.0,255.0,0.0,0.05)
checkrc33(0,35.32528,-52.86804,-7.375,35.642296,-53.342487,-5.1625004,35.66164,-53.37144,0.0)
checkrc33(1,42.503296,-47.851906,-7.375,127.86131,-124.27734,-5.789349,38.93132,-51.394825,0.0)
checkrc33(2,44.959175,-44.959187,-7.375,-135.78125,135.78128,0.7375002,45.275314,-45.275326,0.0)
beziersurfacelinerc33(255.0,0.0,255.0,0.0,0.05)
checkrc33(0,40.144325,-40.144337,-29.5,42.22432,-42.224327,-25.075,44.031048,-44.03106,-14.75)
checkrc33(1,45.862736,-36.032455,-29.5,147.46765,-16.467102,-15.991093,50.28739,-39.50965,-14.75)
checkrc33(2,52.5094,-21.750103,-29.5,-168.94061,69.977486,-13.275002,57.59328,-23.855915,-14.75)
beziersurfacelinerc33(255.0,0.0,255.0,0.0,0.05)
checkrc33(0,52.5094,-21.750103,-29.5,55.01252,-22.786926,-25.075,57.59328,-23.855915,-14.75)
checkrc33(1,86.78695,1.9784975,-29.5,107.878654,-60.57861,-17.127151,95.18956,2.1700506,-14.75)
checkrc33(2,0.0,0.0,-29.5,-123.03601,-2.15123E-5,-13.275002,0.0,0.0,-14.75)
beziersurfacelinerc33(255.0,0.0,255.0,0.0,0.05)
checkrc33(0,44.031048,-44.03106,-14.75,45.165573,-45.16559,-10.325001,45.275314,-45.275326,0.0)
checkrc33(1,50.28739,-39.50965,-14.75,149.70792,-18.864126,-2.5000153,51.43338,-40.41716,0.0)
checkrc33(2,57.59328,-23.855915,-14.75,-176.64896,73.17038,1.4750004,59.162323,-24.505833,0.0)
beziersurfacelinerc33(255.0,0.0,255.0,0.0,0.05)
checkrc33(0,57.59328,-23.855915,-14.75,58.87468,-24.386684,-10.325001,59.162323,-24.505833,0.0)
checkrc33(1,95.18956,2.1700506,-14.75,105.67094,-57.40871,-1.3121159,97.916405,2.2186594,0.0)
checkrc33(2,0.0,0.0,-14.75,-127.935684,-2.2368986E-5,1.4750004,0.0,0.0,0.0)
beziersurfacelinerc33(255.0,0.0,255.0,0.0,0.05)
checkrc33(0,64.06053,0.0,0.0,62.302395,0.0,41.387497,24.741446,0.0,59.125)
checkrc33(1,71.621925,43.277454,0.0,56.392754,264.74075,48.43188,16.714523,27.661682,59.125)
checkrc33(2,-2.800175E-6,64.06054,0.0,7.4663335E-6,-170.8098,-5.9125004,-1.0814829E-6,24.741446,59.125)
beziersurfacelinerc33(255.0,0.0,255.0,0.0,0.05)
checkrc33(0,-2.800175E-6,64.06054,0.0,-2.7316996E-6,62.493996,41.387497,-1.0814829E-6,24.741446,59.125)
checkrc33(1,-71.62192,43.27745,0.0,-160.25916,161.4933,85.79318,-27.661682,16.71452,59.125)
checkrc33(2,-64.06054,-5.60035E-6,0.0,170.33311,1.4890994E-5,-5.9125004,-24.741446,-2.1629658E-6,59.125)
beziersurfacelinerc33(255.0,0.0,255.0,0.0,0.05)
checkrc33(0,-64.06054,-5.60035E-6,0.0,-62.493988,-5.4633983E-6,41.387497,-24.741446,-2.1629658E-6,59.125)
checkrc33(1,-43.277477,-71.621895,0.0,-163.80574,-157.38934,84.70888,-17.163746,-28.088894,59.125)
checkrc33(2,7.639143E-7,-64.06054,0.0,-2.0391649E-6,171.00087,-5.9125004,2.9959577E-7,-25.123587,59.125)
beziersurfacelinerc33(255.0,0.0,255.0,0.0,0.05)
checkrc33(0,7.639143E-7,-64.06054,0.0,7.452335E-7,-62.493996,41.387497,2.950388E-7,-24.741447,59.125)
checkrc33(1,121.85045,-7.5613327,0.0,99.59391,-213.85443,73.53574,47.787735,-3.1564503,59.125)
checkrc33(2,0.0,0.0,0.0,-126.408806,-2.2102018E-5,-5.9125004,0.0,0.0,59.125)
beziersurfacelinerc33(255.0,0.0,255.0,0.0,0.05)



























































































































































































































































































































































































































































































































































































































































































































































































































































































































































































































































































































































































































































































































































































































































































































































































































































































































































































































































































































































































































































































































































































































































































































































































































































































































































































































































































































































































































































































































































































































































































































































































































































































































































































































































































































































































































































































































































































































































































































































































































































































































































































































































































































































































































































































































































































































































































































































































































































































































































































































































































































































































































































































































































































































































































































































































































































































































































































































































































































































































































































































































































































































































































































































































































































































































































































































































































































































































































































































































































































































































































































































































































































































































































































































































































































































































































































































































































































































































































































































































































































































































































































































































































































































































































































































































































































































































































































































































































































































































































































































































































































































































































































































































































































































































































































































































































































































































































































































































































































































































